image_width: 640
image_height: 480
camera_name: rpi_camera


camera_matrix:
 rows: 3
 cols: 3
 data: [2061.0080, 0.0, 335.0632,
     0.0, 1316.6841, 240.1894,
     0.0, 0.0, 1.0]


distortion_model: plumb_bob


distortion_coefficients:
 rows: 1
 cols: 5
 data: [-3.525807, 50.962862, -0.033147, 0.077617, -309.214823]


rectification_matrix:
 rows: 3
 cols: 3
 data: [1.0, 0.0, 0.0,
     0.0, 1.0, 0.0,
     0.0, 0.0, 1.0]


projection_matrix:
 rows: 3
 cols: 4
 data: [2061.0080, 0.0, 335.0632, 0.0,
     0.0, 1316.6841, 240.1894, 0.0,
     0.0, 0.0, 1.0, 0.0]