image_width: 640
image_height: 480
camera_name: rpi_camera
camera_matrix:
  rows: 3
  cols: 3
  data: [1266.81898,    0.     ,  326.82006,
            0.     , 1267.57562,  242.25772,
            0.     ,    0.     ,    1.     ]
distortion_model: plumb_bob
distortion_coefficients:
  rows: 1
  cols: 5
  data: [0.091892, 0.123478, -0.002644, -0.004103, 0.000000]
rectification_matrix:
  rows: 3
  cols: 3
  data: [1., 0., 0.,
         0., 1., 0.,
         0., 0., 1.]
projection_matrix:
  rows: 3
  cols: 4
  data: [1279.13538,    0.     ,  325.08025,    0.     ,
            0.     , 1280.73999,  241.1763 ,    0.     ,
            0.     ,    0.     ,    1.     ,    0.     ]
